# Probe 0 (0.015 0.005 0.005)
# Time            0                
2.398081535e-05   (1.93268402e-11 4.334684174e-12 0)
5.273015017e-05   (-2.455399308e-11 -1.779120552e-11 0)
8.72692816e-05    (2.206192069e-12 -1.476474664e-11 0)
0.0001287451423   (-3.966612052e-11 -2.262045674e-11 0)
0.0001785999649   (-9.66337192e-11 -2.10455129e-11 0)
0.0002384865504   (6.319039825e-11 4.251463253e-11 0)
0.0003102623846   (-7.70795689e-11 -3.413044385e-11 0)
0.000396012275    (-3.944307389e-12 5.745845128e-11 0)
0.0004992809602   (2.523068684e-11 -1.534124109e-11 0)
0.0006226669218   (4.0528039e-11 1.145744222e-11 0)
0.0007715134786   (1.162009296e-10 -2.638573234e-11 0)
0.0009489843732   (2.686563565e-10 -2.188839508e-11 0)
0.001164484745    (-2.610744534e-11 -5.768217474e-12 0)
0.001424352841    (4.02301903e-10 4.162179932e-12 0)
0.001730625954    (1.264662629e-10 -4.654026175e-11 0)
0.002090163956    (-4.578574642e-11 4.345427074e-11 0)
0.002529599292    (-2.602471235e-10 1.956734286e-11 0)
0.003063199342    (-2.934800681e-11 -1.728321948e-10 0)
0.003693817584    (-4.873382748e-10 -6.851654304e-11 0)
0.004482090386    (2.90642685e-10 1.179686265e-11 0)
0.005401741988    (9.479987953e-10 1.280975255e-10 0)
0.006551306491    (-5.593802313e-10 9.097710535e-11 0)
0.007700870994    (-5.909560314e-10 6.812917365e-11 0)
0.008850435497    (-4.571414751e-10 7.302959778e-11 0)
0.01              (-5.972561068e-10 6.233935323e-11 0)
0.01142857143     (-7.792564379e-10 2.581753886e-12 0)
0.01314285714     (-5.164681277e-11 -4.339718701e-11 0)
0.01542857143     (-2.435063045e-10 -1.296934343e-10 0)
0.01771428571     (-2.18890577e-10 1.984137468e-11 0)
0.02              (-2.97260791e-10 -4.019488297e-11 0)
0.0225            (-4.295492938e-10 -3.487161334e-10 0)
0.025             (-5.507885918e-10 -3.413837993e-11 0)
0.0275            (-4.467728866e-10 -6.431938543e-12 0)
0.03              (-4.25342075e-10 -7.102859632e-11 0)
0.03333333333     (-1.329387556e-10 -1.656343013e-10 0)
0.03666666667     (-2.290323349e-10 -8.88290707e-11 0)
0.04              (-4.751992426e-11 -1.985574076e-11 0)
0.045             (1.298533643e-10 4.58796127e-11 0)
0.05              (-4.182075467e-11 1.38433444e-11 0)
0.055             (-1.459508594e-10 -1.795242996e-11 0)
0.06              (-8.544885595e-11 -8.338743423e-11 0)
0.065             (-1.032717991e-10 -1.08547879e-11 0)
0.07              (-1.644461999e-10 4.125332169e-11 0)
0.075             (-1.58171598e-10 -6.401643505e-11 0)
0.08              (8.237443303e-11 -1.323099324e-10 0)
0.085             (-1.193677131e-10 -1.032969913e-10 0)
0.09              (-1.408331176e-10 -1.171179926e-11 0)
0.095             (-7.205044211e-11 -3.091269065e-11 0)
0.1               (-7.781207045e-11 -1.663882202e-10 0)
0.105             (-1.615523752e-10 -1.178621647e-11 0)
0.11              (-1.84978162e-10 1.224789855e-10 0)
0.115             (-1.096204873e-10 -3.032401018e-11 0)
0.12              (-1.020906891e-10 2.988389594e-11 0)
0.125             (-1.475417627e-10 -1.119038922e-10 0)
0.13              (1.373963495e-11 1.316132672e-10 0)
0.135             (3.618733455e-11 9.123299841e-11 0)
0.14              (-1.31226794e-10 -1.164493266e-11 0)
0.145             (-1.417225229e-10 -1.342717298e-10 0)
0.15              (-1.002791517e-10 6.363666908e-11 0)
0.155             (-4.929094086e-11 -2.11714182e-11 0)
0.16              (-8.757479324e-11 -1.377849732e-10 0)
0.165             (-9.569490266e-11 -6.854064818e-12 0)
0.17              (-1.646193223e-10 5.551576707e-11 0)
0.175             (-8.30262296e-11 3.919985651e-11 0)
0.18              (-1.319449272e-10 -4.250182013e-11 0)
0.185             (-7.003772857e-11 -1.68125903e-10 0)
0.19              (-1.109606909e-11 -1.977014618e-11 0)
0.195             (-5.478998392e-11 6.461000902e-12 0)
0.2               (-4.200408017e-11 4.858604463e-11 0)
0.205             (-1.112567634e-10 6.517056363e-11 0)
0.21              (-1.515748634e-10 1.987366586e-12 0)
0.215             (-1.621329648e-10 5.820764373e-12 0)
0.22              (-1.430327797e-10 -3.793866162e-11 0)
0.225             (-1.803245541e-11 -2.307666015e-11 0)
0.23              (-2.247553849e-10 -1.25005205e-10 0)
0.235             (-1.964111695e-10 1.206104284e-11 0)
0.24              (-9.022870464e-12 -8.870589006e-11 0)
0.245             (-1.489695472e-10 -2.208356845e-11 0)
0.25              (-8.668608588e-11 -4.123596451e-11 0)
0.255             (-7.052321309e-11 -5.323047179e-11 0)
0.26              (-5.01578588e-11 -4.005505366e-11 0)
0.265             (-2.390652702e-11 8.473688641e-11 0)
0.27              (-5.168554294e-11 1.042363861e-11 0)
0.275             (-2.119179758e-10 -9.119344904e-11 0)
0.28              (-9.412669444e-11 -1.037219884e-10 0)
0.285             (-1.049233933e-10 -1.052594486e-10 0)
0.29              (-8.400732589e-11 1.90024254e-11 0)
0.295             (-7.571582444e-11 3.261617239e-11 0)
0.3               (-7.685052474e-11 -6.962066927e-11 0)
0.305             (3.274042647e-11 -1.189374713e-10 0)
0.31              (-1.011839624e-10 7.218065258e-11 0)
0.315             (-1.467381749e-10 -1.859087361e-10 0)
0.32              (-1.257430158e-10 2.699675273e-12 0)
0.325             (-3.889478742e-11 -7.178301414e-11 0)
0.33              (-8.274999077e-11 -1.217868042e-10 0)
0.335             (-1.004220324e-10 -1.231316513e-10 0)
0.34              (-1.245549529e-11 -1.89849848e-11 0)
0.345             (-1.695744171e-10 4.1580863e-11 0)
0.35              (-1.138811548e-10 -2.73259291e-11 0)
0.355             (-1.331358299e-10 -1.273769638e-11 0)
0.36              (-1.345903154e-10 -1.408669117e-10 0)
0.365             (-6.22584335e-11 4.409296077e-12 0)
0.37              (-8.533303571e-11 -1.433773042e-11 0)
0.375             (-1.319323844e-10 1.620367365e-11 0)
0.38              (-9.606508247e-12 9.915766976e-12 0)
0.385             (-9.066507697e-11 -3.776623609e-11 0)
0.39              (5.413200392e-12 -7.830279687e-13 0)
0.395             (-3.820230324e-11 1.360804393e-11 0)
0.4               (-1.223502764e-10 -6.337031682e-11 0)
0.405             (-6.957898651e-11 -3.053270813e-11 0)
0.41              (-9.436269052e-11 -7.181763661e-11 0)
0.415             (-1.254083364e-10 -1.898263363e-11 0)
0.42              (-1.099681686e-10 -1.092985428e-10 0)
0.425             (-2.088755101e-10 -1.603141896e-10 0)
0.43              (-4.757037551e-11 -1.00121314e-12 0)
0.435             (-1.106286846e-10 -1.014266752e-10 0)
0.44              (-1.327133366e-10 -1.091851947e-10 0)
0.445             (-9.849470423e-11 -1.329431363e-10 0)
0.45              (-1.89800716e-11 -2.108179849e-10 0)
0.455             (-2.300218546e-10 -4.397361267e-11 0)
0.46              (-1.31535758e-10 -1.316301931e-10 0)
0.465             (-8.972132847e-11 -9.305007786e-11 0)
0.47              (-1.327045654e-10 -6.314097769e-11 0)
0.475             (-2.333097926e-10 -4.626397989e-11 0)
0.48              (-2.282708559e-10 -7.41871886e-11 0)
0.485             (-1.365678413e-10 3.426172789e-12 0)
0.49              (-1.384783496e-10 1.21311677e-10 0)
0.495             (-1.160547807e-10 -1.861560943e-11 0)
0.5               (-1.10320184e-10 3.982624524e-11 0)
0.505             (-1.730065711e-10 -8.567102349e-11 0)
0.51              (-7.024779481e-11 -1.031234999e-10 0)
0.515             (-1.46348763e-10 7.357182144e-11 0)
0.52              (-1.160942698e-10 -1.633985604e-10 0)
0.525             (-7.826404186e-11 1.058732786e-12 0)
0.53              (-1.58233617e-10 2.920606269e-11 0)
0.535             (-2.266804924e-10 -1.120735505e-10 0)
0.54              (-2.997080426e-11 -5.45947902e-11 0)
0.545             (-7.217780606e-11 -4.920736683e-13 0)
0.55              (-9.113879323e-11 -1.718499212e-11 0)
0.555             (-9.915452208e-11 3.84383073e-11 0)
0.56              (-2.261957154e-10 1.002775886e-10 0)
0.565             (-1.28555137e-10 -1.543200252e-11 0)
0.57              (-1.284212176e-10 6.272307224e-11 0)
0.575             (-6.242137372e-11 -1.361565065e-11 0)
0.58              (-1.394052769e-10 -5.456335809e-11 0)
0.585             (-1.21259713e-10 -3.559549715e-11 0)
0.59              (-8.41171814e-11 -4.564405411e-11 0)
0.595             (-1.472934498e-11 1.336521112e-11 0)
0.6               (-2.026003002e-10 -9.073147233e-11 0)
0.605             (-8.569408466e-11 -1.668460336e-10 0)
0.61              (-1.962828325e-10 -2.382983136e-11 0)
0.615             (-1.208449924e-10 -1.564034419e-10 0)
0.62              (-1.751375533e-10 -6.901931289e-11 0)
0.625             (-1.08174959e-10 -1.313702616e-10 0)
0.63              (-9.816496589e-11 -1.065135515e-10 0)
0.635             (-1.3173371e-10 -1.042325616e-10 0)
0.64              (-2.162724336e-10 -2.139517916e-10 0)
0.645             (-1.298233105e-10 -1.042397632e-10 0)
0.65              (-8.863745424e-11 -9.510282046e-11 0)
0.655             (-9.245908598e-11 -4.993649822e-12 0)
0.66              (-6.063146784e-11 -5.646342872e-11 0)
0.665             (-1.40652583e-10 -1.053044239e-11 0)
0.67              (-1.000693531e-10 -1.909367873e-12 0)
0.675             (-1.897556445e-10 -1.054956298e-10 0)
0.68              (-9.771751378e-11 -2.728839492e-11 0)
0.685             (-1.386231363e-10 4.004845599e-11 0)
0.69              (-2.266433592e-10 -2.258359663e-10 0)
0.695             (-1.741661063e-10 -5.065439696e-11 0)
0.7               (-1.347118982e-10 1.0138483e-11 0)
0.705             (-8.585063894e-11 -7.955201067e-11 0)
0.71              (-1.662373054e-10 -8.006523994e-11 0)
0.715             (-1.940417991e-10 -1.751598181e-10 0)
0.72              (-2.267637401e-10 -3.421794216e-13 0)
0.725             (-8.413101486e-11 -1.173510704e-10 0)
0.73              (-1.171780228e-10 1.681977543e-11 0)
0.735             (-1.571324498e-10 -1.063207292e-10 0)
0.74              (-1.480278554e-10 -1.88855905e-12 0)
0.745             (-7.441057557e-11 -1.464695869e-10 0)
0.75              (-2.502033535e-10 -1.184179617e-10 0)
0.755             (-1.0343263e-10 -9.043129268e-11 0)
0.76              (-2.532628434e-10 -3.941720267e-11 0)
0.765             (-1.95930246e-10 -1.752445417e-11 0)
0.77              (-1.445595491e-10 -1.794425382e-10 0)
0.775             (-8.880421672e-11 -1.158410117e-10 0)
0.78              (-1.031871323e-10 -2.214606125e-10 0)
0.785             (-1.603286508e-10 -1.298337888e-10 0)
0.79              (-1.577740441e-10 4.807687016e-11 0)
0.795             (-1.35787959e-10 -1.332084005e-10 0)
0.8               (-1.909212618e-10 5.579901125e-11 0)
0.805             (-2.044933617e-10 -3.017350275e-11 0)
0.81              (-8.374577794e-11 -1.06715074e-10 0)
0.815             (-1.507210113e-10 2.026175245e-11 0)
0.82              (-1.743807681e-10 2.24354734e-11 0)
0.825             (-6.124392976e-11 -2.216860414e-10 0)
0.83              (-7.764323551e-11 -4.038243783e-11 0)
0.835             (-1.896604903e-10 2.931909943e-11 0)
0.84              (-1.71722975e-10 -5.061130986e-11 0)
0.845             (1.435657911e-11 -6.766559047e-11 0)
0.85              (-7.020141654e-11 -9.619876663e-11 0)
0.855             (-7.921924337e-11 -8.652709024e-11 0)
0.86              (-4.544671724e-11 -9.904862902e-11 0)
0.865             (-7.99363801e-11 8.375229571e-11 0)
0.87              (-1.243563047e-10 -1.46328222e-10 0)
0.875             (-9.441125964e-11 -1.023359922e-10 0)
0.88              (-8.333152179e-11 -1.708657723e-11 0)
0.885             (-2.203639406e-10 2.004277425e-11 0)
0.89              (-1.25738969e-10 -1.992615127e-11 0)
0.895             (-1.269068953e-10 -1.531365029e-10 0)
0.9               (-1.096836884e-10 -4.334998143e-11 0)
0.905             (-1.807269763e-10 -8.413293052e-11 0)
0.91              (-1.777402096e-11 -1.54919455e-11 0)
0.915             (-4.416817226e-11 -8.75966707e-11 0)
0.92              (-2.126231171e-10 1.473273038e-11 0)
0.925             (-2.076355343e-10 3.316965719e-11 0)
0.93              (-1.525532637e-10 -9.54788912e-11 0)
0.935             (-1.172898258e-10 -3.297434782e-11 0)
0.94              (-2.17452197e-10 6.789941882e-11 0)
0.945             (-9.313687162e-11 -1.347037207e-10 0)
0.95              (-9.532185045e-11 -1.214935868e-10 0)
0.955             (-1.091063354e-10 -1.510004227e-10 0)
0.96              (-2.073413957e-10 6.582722649e-11 0)
0.965             (-1.423973965e-10 1.048765665e-10 0)
0.97              (-1.443446446e-10 -5.359966367e-11 0)
0.975             (-1.486119344e-10 -4.437278702e-11 0)
0.98              (-1.267991435e-10 -1.18083307e-10 0)
0.985             (-1.900199764e-10 -1.045118917e-10 0)
0.99              (-1.195510302e-10 -1.884713161e-10 0)
0.995             (-1.395349787e-10 1.376113419e-11 0)
1                 (-3.990484202e-11 -8.69821327e-11 0)
1.005             (-2.299085623e-10 -2.601097413e-11 0)
1.01              (-3.463508071e-10 6.456752322e-12 0)
1.015             (-1.061589061e-10 -4.38544337e-11 0)
1.02              (-8.730497858e-11 -2.312941062e-11 0)
1.025             (-2.396557013e-10 -1.385421916e-10 0)
1.03              (-7.931343642e-11 -9.091024429e-11 0)
1.035             (-1.675871447e-10 -3.521016569e-11 0)
1.04              (-6.544132042e-11 -1.452115677e-11 0)
1.045             (-8.012655087e-11 -7.695176637e-11 0)
1.05              (-2.084699282e-10 -1.054359916e-12 0)
1.055             (-2.220445698e-10 -2.537813219e-11 0)
1.06              (-1.69457247e-10 -7.192835119e-11 0)
1.065             (-1.63885508e-10 -1.051180974e-10 0)
1.07              (-1.452996136e-10 1.928810998e-11 0)
1.075             (-7.29233715e-11 -8.474396499e-11 0)
1.08              (-2.213340505e-10 5.79981323e-11 0)
1.085             (-2.702363574e-10 -1.022852174e-10 0)
1.09              (-1.523824687e-11 -8.604584972e-11 0)
1.095             (-9.351912219e-11 -8.273609216e-11 0)
1.1               (-1.663535233e-10 -1.734818907e-10 0)
1.105             (-9.109170897e-11 -4.563435171e-11 0)
1.11              (-1.649052491e-10 -5.790095014e-11 0)
1.115             (-1.771489782e-10 1.567065601e-11 0)
1.12              (-9.513465198e-11 2.388302309e-11 0)
1.125             (-1.653678774e-10 -1.353107018e-10 0)
1.13              (-6.659776126e-11 -2.910771541e-11 0)
1.135             (-2.746644432e-10 5.146195353e-11 0)
1.14              (-5.780801196e-11 5.283265533e-11 0)
1.145             (-2.126679751e-10 4.868072039e-11 0)
1.15              (-1.190859897e-10 -1.055929688e-11 0)
1.155             (-1.380720723e-10 -1.777673793e-10 0)
1.16              (-1.217837745e-10 3.697915104e-11 0)
1.165             (-5.952923538e-11 -1.59375767e-10 0)
1.17              (-1.404838157e-10 -5.090157629e-11 0)
1.175             (-2.986936364e-10 -3.66339924e-11 0)
1.18              (-5.768978838e-11 -7.844727625e-11 0)
1.185             (-1.443242737e-10 -9.339863134e-11 0)
1.19              (-8.052769059e-11 -4.005694595e-11 0)
1.195             (-5.099141408e-11 -9.134577551e-11 0)
1.2               (-7.558261004e-11 -7.552796045e-11 0)
1.205             (-2.043848927e-10 -1.541424898e-11 0)
1.21              (-8.360123743e-11 -1.155321146e-10 0)
1.215             (-2.027234816e-10 -9.917674498e-11 0)
1.22              (-1.91763458e-10 1.254225023e-12 0)
1.225             (-6.863796309e-11 -2.548637116e-11 0)
1.23              (-2.100598966e-10 7.708539765e-11 0)
1.235             (-1.333878219e-10 3.362002553e-11 0)
1.24              (-1.908675456e-10 3.688471976e-11 0)
1.245             (-3.525644715e-11 5.933032361e-11 0)
1.25              (-1.267153518e-11 2.236139579e-11 0)
1.255             (-2.186496901e-10 8.684748084e-11 0)
1.26              (-8.307678069e-11 -7.179582612e-11 0)
1.265             (-1.206494593e-10 -6.362575733e-12 0)
1.27              (-2.360305607e-10 5.639859013e-11 0)
1.275             (-2.115997568e-10 1.568465192e-11 0)
1.28              (-2.08794076e-10 -5.948170034e-11 0)
1.285             (-2.183520088e-10 4.413063039e-12 0)
1.29              (-7.584632685e-11 6.480152567e-12 0)
1.295             (-4.474421173e-11 -4.866171467e-11 0)
1.3               (-1.12805289e-10 -2.953421719e-11 0)
1.305             (-9.623787656e-11 -1.072762559e-10 0)
1.31              (-1.622380998e-10 -2.968216918e-11 0)
1.315             (-1.464689846e-10 -1.517307987e-10 0)
1.32              (-1.021759407e-10 7.482743647e-12 0)
1.325             (-1.825421993e-10 -3.06992874e-11 0)
1.33              (-2.033582208e-10 -7.874509296e-11 0)
1.335             (-1.100904275e-10 1.076943756e-10 0)
1.34              (-1.755729753e-10 -2.746974944e-11 0)
1.345             (-2.389945994e-10 2.104352468e-11 0)
1.35              (-1.455843605e-10 -6.255664903e-11 0)
1.355             (-1.667907308e-10 -1.683022143e-10 0)
1.36              (-2.104647099e-10 -8.384994969e-11 0)
1.365             (-2.898261984e-10 -6.533177239e-11 0)
1.37              (-1.736241684e-10 3.643861746e-11 0)
1.375             (-1.931668353e-10 -4.122818696e-11 0)
1.38              (-6.199069452e-11 -9.580518479e-11 0)
1.385             (-1.683323575e-10 -3.562706019e-11 0)
1.39              (-1.417890829e-10 6.73543389e-13 0)
1.395             (-2.654407061e-10 -1.660350352e-10 0)
1.4               (-1.395168528e-10 -3.959766015e-11 0)
1.405             (-1.40845157e-10 -6.777668761e-11 0)
1.41              (-1.985208147e-10 -3.166153821e-11 0)
1.415             (-1.302875037e-10 -1.571216261e-10 0)
1.42              (-4.711530512e-11 -6.43167219e-11 0)
1.425             (-1.03298268e-10 -1.05479986e-10 0)
1.43              (-2.440911859e-11 1.261614127e-11 0)
1.435             (-1.839970696e-10 1.592075145e-11 0)
1.44              (-1.266601681e-10 2.310977204e-11 0)
1.445             (-1.456894942e-10 -5.769826584e-11 0)
1.45              (-2.198264093e-10 1.68264921e-11 0)
1.455             (-2.334977512e-10 -1.203025836e-11 0)
1.46              (-1.820545982e-11 -1.116754201e-10 0)
1.465             (-1.539097535e-10 -3.415236264e-11 0)
1.47              (-7.975248385e-11 1.920201874e-11 0)
1.475             (-1.546610102e-10 -8.883520131e-11 0)
1.48              (-1.394989483e-10 2.653893339e-11 0)
1.485             (-2.16467286e-10 1.854863296e-12 0)
1.49              (-1.43710366e-10 -7.760224202e-11 0)
1.495             (-2.424136245e-10 -8.445406047e-11 0)
1.5               (-5.542198838e-11 -2.022247179e-11 0)
1.505             (-1.933296938e-10 9.835220879e-11 0)
1.51              (-1.005144022e-10 -2.346860223e-11 0)
1.515             (-1.630228111e-10 4.717317583e-11 0)
1.52              (-2.860533201e-10 -4.108390366e-11 0)
1.525             (-2.438794806e-10 4.053904172e-11 0)
1.53              (-1.239371786e-10 -7.131454771e-11 0)
1.535             (-1.286651286e-10 9.711598505e-11 0)
1.54              (-1.947742107e-10 -1.143740932e-11 0)
1.545             (-1.129121291e-10 2.26930331e-11 0)
1.55              (-8.716936223e-11 1.315232083e-12 0)
1.555             (-2.131474704e-10 -1.704608495e-10 0)
1.56              (-1.468224444e-10 -8.719033441e-12 0)
1.565             (-1.134161421e-10 -2.549356053e-11 0)
1.57              (-2.18449044e-10 -3.839843782e-11 0)
1.575             (-1.029948269e-10 4.817379486e-11 0)
1.58              (-1.119637696e-10 -2.584682867e-11 0)
1.585             (-1.468487258e-10 -1.338866596e-10 0)
1.59              (-1.658003268e-10 -1.006733558e-10 0)
1.595             (-1.047416293e-10 -6.939407938e-11 0)
1.6               (-1.610827515e-10 -5.879901367e-11 0)
1.605             (-1.306670571e-10 -9.888051844e-11 0)
1.61              (-1.344168829e-10 -7.785201996e-12 0)
1.615             (-2.048680451e-10 -1.307868611e-10 0)
1.62              (-3.070344719e-10 -5.044309526e-11 0)
1.625             (-2.662935897e-10 2.990198362e-11 0)
1.63              (-8.783591736e-11 -4.972833607e-11 0)
1.635             (-1.617412718e-10 9.966025101e-11 0)
1.64              (-7.311028674e-11 4.627324219e-11 0)
1.645             (-1.97205295e-10 -2.600298219e-11 0)
1.65              (-1.770626157e-10 6.167986351e-11 0)
1.655             (-1.31630419e-10 -1.585471023e-10 0)
1.66              (-1.247287457e-10 -8.668721144e-11 0)
1.665             (-2.132627446e-10 1.881911606e-11 0)
1.67              (-2.629943661e-10 -1.561783047e-10 0)
1.675             (-1.663230316e-10 -9.740692482e-11 0)
1.68              (-1.713221503e-10 -3.183514531e-11 0)
1.685             (-7.728373046e-11 1.934389852e-11 0)
1.69              (-1.007131422e-10 9.086269026e-11 0)
1.695             (-1.552047248e-10 -1.272736236e-10 0)
1.7               (-6.354370222e-11 -2.410964236e-11 0)
1.705             (-1.823852757e-11 -5.100927802e-11 0)
1.71              (-8.142936896e-11 2.346703058e-11 0)
1.715             (-1.580432709e-10 -6.519530747e-11 0)
1.72              (-1.684974267e-10 -3.110155205e-11 0)
1.725             (-1.929338135e-10 -3.946497641e-11 0)
1.73              (-5.818285678e-11 -8.761827516e-11 0)
1.735             (-6.225541849e-11 1.812842434e-11 0)
1.74              (-2.616711476e-10 -6.801168735e-12 0)
1.745             (-2.090778402e-11 -1.165706064e-10 0)
1.75              (-1.053030807e-10 -5.3408466e-11 0)
1.755             (-1.246591717e-10 -3.274253182e-12 0)
1.76              (-8.027157431e-12 -1.668446329e-11 0)
1.765             (-2.781607347e-10 7.342746266e-11 0)
1.77              (-1.90912424e-10 -8.615135725e-11 0)
1.775             (-1.644603832e-10 -1.374146687e-10 0)
1.78              (-1.116911824e-10 -1.484518316e-10 0)
1.785             (-1.175001658e-10 -8.943541923e-11 0)
1.79              (4.321467004e-11 6.353222337e-11 0)
1.795             (2.102832893e-11 -1.985028805e-10 0)
1.8               (-4.964396691e-11 3.676674948e-11 0)
1.805             (-1.600160522e-10 -5.389804253e-11 0)
1.81              (-2.750431001e-10 -1.160898484e-10 0)
1.815             (-2.205101664e-11 5.136196651e-11 0)
1.82              (-1.411664441e-10 7.283366604e-11 0)
1.825             (-1.221303757e-10 1.457991834e-11 0)
1.83              (-9.908245307e-11 1.4808946e-11 0)
1.835             (-1.399999238e-10 1.061236128e-10 0)
1.84              (-2.121640562e-10 2.456980444e-11 0)
1.845             (1.955698383e-11 3.697581267e-11 0)
1.85              (-2.132418487e-10 1.019660736e-10 0)
1.855             (-1.901202226e-10 -4.252131118e-12 0)
1.86              (-3.482868637e-11 2.761884365e-11 0)
1.865             (-1.433881705e-10 -2.434495356e-11 0)
1.87              (-1.427133976e-10 4.756860238e-11 0)
1.875             (-1.4207396e-10 -4.731782897e-11 0)
1.88              (-6.045324177e-11 2.701737003e-11 0)
1.885             (-3.2781074e-10 8.003413976e-11 0)
1.89              (-1.035800411e-10 1.308609328e-10 0)
1.895             (-2.340780945e-10 -2.658623563e-11 0)
1.9               (8.007448908e-12 9.707459509e-11 0)
1.905             (-1.479705612e-10 -1.644096191e-10 0)
1.91              (-2.842764888e-11 -6.656410906e-11 0)
1.915             (-1.586082656e-11 4.469434565e-11 0)
1.92              (-1.269096569e-10 -8.50652191e-11 0)
1.925             (-1.020559428e-10 -7.576357418e-11 0)
1.93              (-1.425195494e-10 8.89750599e-11 0)
1.935             (-1.515676865e-10 -6.295004214e-11 0)
1.94              (-7.158686974e-11 7.519681798e-11 0)
1.945             (-2.111128005e-10 -1.161061957e-10 0)
1.95              (-1.765524697e-10 -2.874938077e-11 0)
1.955             (-5.939109113e-11 7.896977639e-11 0)
1.96              (-1.467735826e-10 1.236849771e-10 0)
1.965             (-3.344511608e-11 -3.122830524e-11 0)
1.97              (-2.193828074e-11 -6.658464109e-11 0)
1.975             (-7.423763827e-11 -7.905338562e-11 0)
1.98              (-1.675182958e-10 -3.6292769e-11 0)
1.985             (-6.370651226e-11 -5.509541999e-11 0)
1.99              (-1.440033106e-10 1.686845129e-10 0)
1.995             (-1.580188957e-10 2.175634595e-12 0)
2                 (-4.650800793e-11 -1.276890163e-10 0)
2.005             (-1.539560833e-10 -1.798534796e-10 0)
2.01              (-2.322045529e-10 -3.076434257e-11 0)
2.015             (-1.32645486e-10 -6.514180988e-11 0)
2.02              (-1.143885604e-10 3.596398144e-11 0)
2.025             (-4.083332895e-11 3.887983815e-11 0)
2.03              (-2.712543681e-10 5.232256405e-11 0)
2.035             (-1.663782068e-10 6.490018283e-11 0)
2.04              (-1.520583849e-10 -4.518918841e-11 0)
2.045             (-8.188855866e-11 -2.365326492e-11 0)
2.05              (-1.003991771e-10 1.030216203e-11 0)
2.055             (-9.059959196e-11 -1.150175312e-10 0)
2.06              (-6.320660496e-11 -4.055410267e-11 0)
2.065             (-9.527010148e-11 4.158261966e-11 0)
2.07              (-2.54089802e-11 -4.642546757e-11 0)
2.075             (-1.428770785e-10 3.854086988e-12 0)
2.08              (-4.84838006e-11 -7.433979828e-11 0)
2.085             (-1.965350644e-10 -3.53019886e-11 0)
2.09              (-1.606292781e-10 -2.009150193e-12 0)
2.095             (-1.797464678e-10 -7.942818473e-11 0)
2.1               (-3.110772534e-11 4.406492749e-11 0)
2.105             (-1.86173855e-10 -1.921271335e-11 0)
2.11              (-1.013513679e-10 9.721629144e-11 0)
2.115             (-9.168270215e-12 -9.559226024e-11 0)
2.12              (-5.368518722e-11 9.886576489e-11 0)
2.125             (-3.974568009e-11 7.48547986e-11 0)
2.13              (-1.507540901e-10 -3.753169679e-11 0)
2.135             (-1.247421858e-10 -6.34441885e-11 0)
2.14              (-3.276090376e-11 5.123128391e-11 0)
2.145             (-1.307866793e-10 -1.165464789e-10 0)
2.15              (-1.459154126e-10 -1.365937777e-10 0)
2.155             (-2.073339756e-10 6.672287908e-11 0)
2.16              (-1.616825731e-10 -2.479486355e-11 0)
2.165             (-2.304474525e-10 -1.113435816e-10 0)
2.17              (-2.455250677e-10 -2.024364591e-12 0)
2.175             (-1.406774409e-10 3.361104802e-11 0)
2.18              (-1.304684674e-10 5.843709158e-11 0)
2.185             (-1.024949791e-10 5.96702966e-11 0)
2.19              (-2.212368857e-10 -3.704007291e-11 0)
2.195             (-1.489793379e-10 -3.615370017e-11 0)
2.2               (-1.504671085e-10 -2.423717406e-11 0)
2.205             (-1.701434314e-10 -6.759002568e-11 0)
2.21              (-1.68384957e-10 -5.775559272e-11 0)
2.215             (-1.827962116e-10 -1.696210759e-10 0)
2.22              (-1.463416807e-10 -7.01688109e-11 0)
2.225             (-6.087134484e-11 -1.527842177e-11 0)
2.23              (-1.241058839e-10 -6.756175343e-11 0)
2.235             (-1.575735533e-10 -1.06306163e-10 0)
2.24              (-1.58964933e-10 -1.332173439e-10 0)
2.245             (-1.26118899e-10 -5.207423072e-11 0)
2.25              (-1.244050316e-10 -8.315946813e-11 0)
2.255             (-1.721126688e-10 -9.992775807e-11 0)
2.26              (-2.065287951e-10 -1.474359367e-11 0)
2.265             (-1.149348632e-10 -8.187717583e-11 0)
2.27              (-3.778859736e-11 -7.363830255e-11 0)
2.275             (-1.411822385e-10 -2.096532648e-11 0)
2.28              (-1.776440235e-10 -1.033565881e-11 0)
2.285             (-2.528459772e-10 -4.561439866e-11 0)
2.29              (-5.248778656e-11 -2.380317002e-11 0)
2.295             (-1.614264693e-10 5.23478726e-11 0)
2.3               (-1.392381464e-10 3.777748958e-11 0)
2.305             (-1.035018763e-10 1.250589995e-10 0)
2.31              (-1.936967753e-10 -1.434359668e-10 0)
2.315             (-1.399960464e-11 2.763169169e-11 0)
2.32              (-4.047980104e-11 -6.720331868e-11 0)
2.325             (-1.573465916e-10 -9.938486172e-11 0)
2.33              (-1.627103531e-10 -1.079700932e-10 0)
2.335             (-1.647568001e-10 -2.329220212e-11 0)
2.34              (-1.35687291e-10 5.50003446e-11 0)
2.345             (-1.028077706e-10 8.580301998e-11 0)
2.35              (-1.267803299e-10 -6.924892289e-11 0)
2.355             (-1.380499808e-10 6.121018573e-11 0)
2.36              (-6.744605786e-11 -1.881763853e-11 0)
2.365             (-1.328358252e-10 2.64029703e-11 0)
2.37              (-1.467769821e-10 -2.947517915e-11 0)
2.375             (-1.823159007e-10 -1.214555461e-10 0)
2.38              (-3.508558521e-10 -3.642531527e-11 0)
2.385             (-1.657650871e-10 1.178974031e-11 0)
2.39              (-1.95904492e-10 -5.867940484e-11 0)
2.395             (-7.599845871e-11 -1.670722494e-11 0)
2.4               (-1.5488434e-10 -7.378699294e-11 0)
2.405             (-1.919254921e-10 -3.590821522e-11 0)
2.41              (-2.788519148e-10 8.33327019e-11 0)
2.415             (-1.474212278e-10 5.320611929e-11 0)
2.42              (-1.148561662e-10 1.709105705e-11 0)
2.425             (-1.015493041e-10 -7.034473661e-11 0)
2.43              (-8.93645623e-11 -4.423460177e-11 0)
2.435             (-3.34777004e-10 3.172380406e-11 0)
2.44              (-1.96690696e-10 7.866864255e-11 0)
2.445             (-4.431514045e-11 -3.16425205e-11 0)
2.45              (-1.285748814e-10 -8.411410616e-11 0)
2.455             (1.369814813e-11 -9.7779975e-12 0)
2.46              (-1.043050566e-10 -2.246589699e-10 0)
2.465             (-1.55032539e-10 -9.18598333e-12 0)
2.47              (-1.09713768e-10 -8.883278143e-11 0)
2.475             (-5.230595335e-11 -1.243104238e-11 0)
2.48              (-1.436269019e-10 6.770487456e-11 0)
2.485             (-1.006534141e-10 -1.97748333e-10 0)
2.49              (-3.924424504e-11 2.070007614e-11 0)
2.495             (-1.350548448e-10 -2.060523876e-10 0)
2.5               (-1.912199557e-10 -4.63247022e-11 0)
2.505             (-1.363908096e-10 3.626378479e-12 0)
2.51              (-1.104744279e-10 -9.285399999e-11 0)
2.515             (-1.225091908e-10 -1.344275782e-10 0)
2.52              (-1.058713911e-10 -6.416579461e-11 0)
2.525             (-1.062310748e-10 2.911372854e-11 0)
2.53              (6.877859154e-11 -1.672415437e-10 0)
2.535             (-2.145145462e-10 4.250187703e-11 0)
2.54              (-1.716332379e-10 -2.648049127e-11 0)
2.545             (-7.153972873e-11 -1.218720706e-10 0)
2.55              (-1.590005725e-10 -5.264757086e-11 0)
2.555             (-1.204795814e-10 8.051389974e-11 0)
2.56              (-1.235191456e-10 4.573139088e-11 0)
2.565             (-1.34763443e-10 -1.367024121e-10 0)
2.57              (-1.662057928e-10 4.088763057e-11 0)
2.575             (-2.923417646e-10 6.211723782e-11 0)
2.58              (-1.672140895e-10 -9.815766951e-11 0)
2.585             (-1.488788961e-10 1.095986437e-10 0)
2.59              (-2.413775448e-10 -7.024124172e-12 0)
2.595             (-1.546439653e-10 -7.151978315e-12 0)
2.6               (-1.537303499e-10 -5.385756276e-11 0)
2.605             (-2.774049227e-10 -3.98226394e-11 0)
2.61              (-1.968568757e-10 3.689373937e-11 0)
2.615             (-1.868652639e-10 -1.144090122e-10 0)
2.62              (-1.945458696e-10 -1.570902543e-10 0)
2.625             (-1.672618785e-10 -9.486115238e-11 0)
2.63              (-1.493916065e-10 2.031329075e-11 0)
2.635             (-1.392418473e-10 -1.545419199e-10 0)
2.64              (-1.596009117e-10 -5.861433023e-11 0)
2.645             (-1.850244586e-10 1.280926213e-11 0)
2.65              (-5.620101589e-11 -1.053800355e-10 0)
2.655             (-1.297871958e-10 -1.172672558e-10 0)
2.66              (-2.59165267e-10 -7.652296684e-12 0)
2.665             (-1.282776733e-10 -3.414555468e-11 0)
2.67              (-1.450472072e-10 -8.468419216e-11 0)
2.675             (-1.551307733e-10 -7.718064466e-11 0)
2.68              (-2.209746294e-10 -3.731797456e-11 0)
2.685             (-1.619445653e-11 -8.588489969e-11 0)
2.69              (-2.792383212e-11 -1.045671699e-10 0)
2.695             (-1.754645401e-10 -1.406606893e-11 0)
2.7               (-1.454105724e-10 -1.115487809e-10 0)
2.705             (4.364098929e-11 -6.945779542e-11 0)
2.71              (-4.724395943e-11 -1.144720521e-10 0)
2.715             (-1.02249744e-10 -7.679078487e-11 0)
2.72              (-7.038302734e-11 5.65751626e-11 0)
2.725             (-5.476093405e-11 5.984178121e-11 0)
2.73              (-1.806207831e-10 1.954633902e-11 0)
2.735             (-2.282811161e-10 2.392241699e-11 0)
2.74              (-1.999093257e-10 -5.014211896e-11 0)
2.745             (-1.422883005e-10 8.959765614e-11 0)
2.75              (-2.073568374e-10 -3.712142624e-11 0)
2.755             (-1.147453686e-10 -7.527255066e-11 0)
2.76              (-8.539307301e-11 -1.451580879e-10 0)
2.765             (-1.223052269e-10 8.79159519e-11 0)
2.77              (-1.181017112e-10 5.157822012e-11 0)
2.775             (-1.647826724e-10 -9.754986269e-11 0)
2.78              (-1.0643656e-10 -9.378467823e-11 0)
2.785             (-1.644740574e-10 1.40999813e-11 0)
2.79              (-1.833605588e-10 1.34271983e-11 0)
2.795             (-1.000139464e-10 -9.444094946e-11 0)
2.8               (-8.726821196e-11 2.751680039e-11 0)
2.805             (-1.750217349e-10 -7.582643729e-12 0)
2.81              (-1.105234245e-10 8.49292037e-11 0)
2.815             (-1.697048508e-10 -5.037876379e-11 0)
2.82              (-8.068849785e-11 9.74588233e-13 0)
2.825             (-1.150333831e-10 -1.754106165e-10 0)
2.83              (-1.301997658e-10 -7.095716383e-11 0)
2.835             (-1.361738472e-10 -1.557435416e-11 0)
2.84              (-1.852255111e-10 3.192018724e-11 0)
2.845             (-1.68684345e-10 -9.91205161e-11 0)
2.85              (-1.721433384e-10 4.371898094e-11 0)
2.855             (-1.168259634e-10 -2.539661713e-11 0)
2.86              (-1.996707003e-10 -1.461535105e-12 0)
2.865             (-1.386530662e-10 -1.681666677e-12 0)
2.87              (-1.433650094e-11 -7.194340018e-11 0)
2.875             (-9.981116373e-11 -3.164082606e-11 0)
2.88              (-2.422469932e-10 -2.802610225e-11 0)
2.885             (-1.799051551e-10 -2.39792791e-11 0)
2.89              (-1.318020669e-10 8.303678077e-11 0)
2.895             (-1.647541954e-10 8.221694343e-13 0)
2.9               (-1.977869217e-10 -4.073732323e-11 0)
2.905             (-2.730326276e-10 -2.215078853e-12 0)
2.91              (-9.810977214e-11 3.79056233e-11 0)
2.915             (-1.391864735e-10 4.687305306e-11 0)
2.92              (-8.473341231e-11 -1.503410004e-11 0)
2.925             (-1.302029999e-10 9.092559753e-11 0)
2.93              (-1.487030914e-10 -5.520940848e-11 0)
2.935             (-6.478073924e-11 -6.401118989e-11 0)
2.94              (-3.03820373e-10 1.138108265e-10 0)
2.945             (-1.502803131e-10 3.19175686e-11 0)
2.95              (-1.189176966e-10 2.907312179e-11 0)
2.955             (-1.34297766e-11 1.296420482e-12 0)
2.96              (-1.419398373e-10 6.60704441e-11 0)
2.965             (-1.19957402e-10 3.976323879e-11 0)
2.97              (-8.365163183e-11 1.585427968e-11 0)
2.975             (-2.149065348e-10 -8.012660407e-12 0)
2.98              (-1.209660369e-10 -1.578660402e-10 0)
2.985             (-2.105444744e-10 -6.656091719e-11 0)
2.99              (-7.755388214e-11 5.182226833e-11 0)
2.995             (-8.669015887e-11 2.418083828e-11 0)
3                 (-1.025709016e-10 3.758466466e-11 0)
3.005             (-1.5291988e-10 1.114104738e-11 0)
3.01              (-2.079509501e-10 -1.448084816e-10 0)
3.015             (-9.970171854e-11 -5.394301547e-11 0)
3.02              (-7.324502791e-11 -1.631714219e-11 0)
3.025             (-3.317485041e-11 -1.252475684e-10 0)
3.03              (-1.526097981e-10 8.406413871e-11 0)
3.035             (-1.183926692e-10 -4.16530912e-11 0)
3.04              (-1.595196191e-10 -8.099116637e-12 0)
3.045             (-2.321121221e-11 -1.736389574e-11 0)
3.05              (-1.377814655e-10 8.207246112e-11 0)
3.055             (-2.21148702e-10 -1.255968344e-11 0)
3.06              (-2.451538809e-10 5.836053245e-11 0)
3.065             (5.435594863e-11 -1.656350796e-11 0)
3.07              (-1.964283268e-10 -1.151759184e-11 0)
3.075             (-1.336652106e-10 -3.041601805e-11 0)
3.08              (-1.147474219e-10 -1.213193382e-11 0)
3.085             (-5.284186586e-11 -6.618858572e-11 0)
3.09              (-1.81413654e-10 1.915579071e-12 0)
3.095             (-7.856865148e-11 -4.612620216e-11 0)
3.1               (-1.124337224e-10 -3.750882236e-11 0)
3.105             (-4.38104094e-11 -1.287963834e-10 0)
3.11              (-2.669480035e-10 3.83675455e-11 0)
3.115             (-5.036143216e-11 -7.793074852e-11 0)
3.12              (-1.831746796e-10 6.93419424e-12 0)
3.125             (-1.777312474e-10 -7.196920718e-11 0)
3.13              (-1.758563201e-10 -8.093174761e-11 0)
3.135             (-1.280108686e-10 -1.259959385e-10 0)
3.14              (-2.894860795e-10 1.031494585e-11 0)
3.145             (-1.214845833e-10 6.305543402e-13 0)
3.15              (-1.919219666e-10 3.975857694e-12 0)
3.155             (5.020059294e-11 -1.658553852e-11 0)
3.16              (-1.051738129e-10 1.70980181e-11 0)
3.165             (-8.092975247e-11 -5.715849163e-11 0)
3.17              (-6.677816024e-11 8.475249494e-11 0)
3.175             (-1.620180995e-10 -1.346235962e-11 0)
3.18              (-4.400828252e-11 -8.509689713e-11 0)
3.185             (-2.235237889e-10 1.604655013e-11 0)
3.19              (-1.294868922e-10 -8.71842945e-11 0)
3.195             (-8.351178114e-11 2.590412894e-11 0)
3.2               (-2.142328657e-10 -6.825094343e-11 0)
3.205             (1.087843568e-11 2.046928594e-11 0)
3.21              (-1.409626914e-10 -1.677859009e-11 0)
3.215             (-1.259161387e-10 -1.495656782e-11 0)
3.22              (-2.175935213e-10 -1.186910583e-10 0)
3.225             (-1.858902883e-10 -9.260755375e-11 0)
3.23              (-2.035229751e-10 -1.263610098e-11 0)
3.235             (-1.21150689e-10 -8.112887202e-11 0)
3.24              (-1.549478789e-10 -8.800832676e-11 0)
3.245             (-1.069036299e-10 8.436568207e-11 0)
3.25              (3.88107116e-11 -9.222504599e-11 0)
3.255             (-1.710952282e-10 -8.837164941e-11 0)
3.26              (-8.402019923e-11 -5.268077387e-12 0)
3.265             (-1.716134604e-10 -3.909019803e-11 0)
3.27              (-6.176861139e-11 1.517014485e-10 0)
3.275             (-1.867836904e-10 2.442454959e-11 0)
3.28              (-1.587369518e-10 -1.084870212e-10 0)
3.285             (-1.711013681e-10 -7.058906726e-11 0)
3.29              (-2.085043925e-10 8.505215853e-11 0)
3.295             (-1.693951274e-10 -1.171729618e-10 0)
3.3               (-9.236482022e-11 8.013102968e-11 0)
3.305             (2.022001162e-11 -3.982700238e-12 0)
3.31              (-2.089461556e-10 4.179347736e-11 0)
3.315             (-1.876117954e-10 3.773544676e-11 0)
3.32              (-1.097013e-10 -8.290097691e-11 0)
3.325             (-1.697364211e-10 9.083333002e-12 0)
3.33              (-5.65876496e-11 -1.021021681e-10 0)
3.335             (-1.526942725e-10 -4.117671626e-11 0)
3.34              (-1.157818068e-10 -8.192246879e-13 0)
3.345             (-1.269340066e-11 1.018633661e-11 0)
3.35              (-1.798024761e-11 -5.376400106e-11 0)
3.355             (-1.11281406e-10 2.08884821e-11 0)
3.36              (-6.517549442e-11 -1.504271377e-10 0)
3.365             (-1.160416479e-10 1.771035266e-11 0)
3.37              (-1.143120032e-10 2.073578153e-11 0)
3.375             (-9.337747958e-11 -1.290720917e-10 0)
3.38              (-9.339547642e-11 -1.724857381e-10 0)
3.385             (-3.538920972e-11 -7.318207652e-11 0)
3.39              (-1.516123286e-10 7.190266578e-11 0)
3.395             (-6.847878283e-11 -6.115602058e-11 0)
3.4               (-1.810355646e-10 3.336395293e-12 0)
3.405             (-1.926629071e-10 -9.212290448e-11 0)
3.41              (-2.977055809e-10 3.237826514e-11 0)
3.415             (-2.137992939e-10 -1.771269987e-11 0)
3.42              (-1.364792237e-10 2.795365605e-11 0)
3.425             (-1.716679716e-10 -3.878135992e-11 0)
3.43              (-2.236943817e-10 8.82065068e-11 0)
3.435             (-1.406570459e-10 -8.457184893e-12 0)
3.44              (-1.904833218e-10 2.433129233e-11 0)
3.445             (-7.051059107e-11 1.151992141e-10 0)
3.45              (-2.524861649e-11 -3.189739141e-11 0)
3.455             (-2.347690654e-10 -5.617839941e-11 0)
3.46              (-2.512120087e-11 6.606278103e-11 0)
3.465             (-1.17145921e-10 -3.064532417e-12 0)
3.47              (-6.960334604e-11 -1.09134706e-10 0)
3.475             (-1.697339208e-10 7.33418784e-13 0)
3.48              (-5.585566665e-11 -1.246596511e-10 0)
3.485             (-5.928187509e-11 -6.378585944e-11 0)
3.49              (-1.876879736e-10 2.347464746e-11 0)
3.495             (-1.264676104e-10 -8.185507787e-11 0)
3.5               (-1.080804827e-10 -9.550326825e-11 0)
3.505             (-1.744821239e-10 -1.008053436e-10 0)
3.51              (-2.677993158e-10 -5.294249457e-11 0)
3.515             (-1.669450582e-10 -2.805084855e-11 0)
3.52              (-9.156163222e-11 -7.368179874e-11 0)
3.525             (-2.547155894e-10 -6.58405413e-11 0)
3.53              (-1.026063821e-10 -6.168660235e-11 0)
3.535             (-1.58428874e-10 -7.527660975e-11 0)
3.54              (-1.895933718e-10 -5.299416991e-11 0)
3.545             (-1.331475115e-10 6.239287124e-11 0)
3.55              (-1.108740149e-11 -1.038706336e-10 0)
3.555             (-2.454201449e-12 2.233907797e-11 0)
3.56              (-1.623594838e-10 -1.992656611e-12 0)
3.565             (-6.484311865e-11 -8.050715947e-11 0)
3.57              (-1.314253064e-10 -1.254308545e-11 0)
3.575             (-1.489234994e-10 1.668388083e-10 0)
3.58              (-1.954719569e-10 -1.822052806e-11 0)
3.585             (-1.200732633e-10 -9.204162212e-11 0)
3.59              (-1.163259578e-10 -4.459326147e-11 0)
3.595             (-1.162546712e-10 -8.387518076e-11 0)
3.6               (-2.16592453e-10 6.910276738e-11 0)
3.605             (-1.414100825e-10 -3.410461875e-11 0)
3.61              (-8.596333962e-11 9.146912688e-11 0)
3.615             (-1.661940551e-11 -3.262932114e-12 0)
3.62              (-1.156949257e-10 1.077925655e-11 0)
3.625             (-1.829039342e-10 4.354245397e-11 0)
3.63              (-1.586190162e-10 2.748538449e-11 0)
3.635             (-1.270934412e-10 -9.152491248e-11 0)
3.64              (-1.230044911e-10 -1.437796474e-11 0)
3.645             (-1.501287405e-10 -1.587882064e-11 0)
3.65              (-1.122167876e-10 -2.750976468e-11 0)
3.655             (-5.321043168e-11 2.000177737e-11 0)
3.66              (-2.220853217e-10 -1.000156201e-10 0)
3.665             (-1.447376292e-10 -3.268397469e-11 0)
3.67              (-1.192850239e-10 4.736821944e-11 0)
3.675             (-2.349619123e-10 -8.065659594e-11 0)
3.68              (-1.342058221e-10 4.458846237e-11 0)
3.685             (-3.087582347e-11 -9.854778722e-11 0)
3.69              (-8.297397125e-11 6.917297175e-11 0)
3.695             (-1.839440701e-10 -1.075585596e-10 0)
3.7               (-1.425442194e-10 -4.48271755e-11 0)
3.705             (-4.815766421e-11 -9.674258939e-11 0)
3.71              (-2.038571574e-10 6.690212388e-11 0)
3.715             (-1.83628816e-10 -4.147433531e-11 0)
3.72              (-1.275269449e-10 2.633715574e-11 0)
3.725             (-1.159062187e-10 2.83749406e-11 0)
3.73              (-5.441447742e-11 -8.222120705e-11 0)
3.735             (-1.532608071e-10 7.213604175e-11 0)
3.74              (-1.147832471e-10 4.351156507e-11 0)
3.745             (-1.430234461e-10 2.332966281e-11 0)
3.75              (-8.157072031e-11 4.170775267e-11 0)
3.755             (-2.536981852e-10 -7.751903879e-11 0)
3.76              (-1.891862795e-10 -1.532547627e-10 0)
3.765             (-1.53763799e-10 -5.706620091e-11 0)
3.77              (-2.032500086e-10 6.786646615e-11 0)
3.775             (-7.330830471e-11 -4.909010264e-11 0)
3.78              (-9.208329975e-11 9.792293715e-11 0)
3.785             (-1.418583924e-10 -4.188571914e-11 0)
3.79              (-1.653937376e-10 4.908251809e-11 0)
3.795             (-3.04406136e-10 -8.926432273e-11 0)
3.8               (-8.196354197e-11 -5.545412022e-12 0)
3.805             (5.547269596e-11 -4.368104351e-11 0)
3.81              (2.642792937e-11 1.281724781e-10 0)
3.815             (-1.532570556e-10 -7.264400427e-11 0)
3.82              (-1.216882397e-10 -7.122917566e-11 0)
3.825             (-6.887021293e-11 2.218576539e-11 0)
3.83              (-1.992802397e-10 -5.724239021e-11 0)
3.835             (-1.079003983e-10 -3.234552193e-11 0)
3.84              (-1.216490452e-11 -6.176826864e-11 0)
3.845             (-1.901856349e-10 -8.069405662e-11 0)
3.85              (-1.75562944e-10 2.94464889e-14 0)
3.855             (-9.643440083e-11 -1.532837678e-11 0)
3.86              (-1.282739766e-10 -4.888299377e-11 0)
3.865             (-6.988960993e-11 -7.860293284e-11 0)
3.87              (-1.045479265e-10 2.372201096e-11 0)
3.875             (-3.979283331e-11 3.777317141e-11 0)
3.88              (-1.297324951e-10 -4.594289757e-11 0)
3.885             (-6.678957755e-11 3.473862935e-11 0)
3.89              (-6.419966336e-11 -1.112073611e-10 0)
3.895             (-8.163011911e-11 -1.406296196e-11 0)
3.9               (-3.826874565e-11 2.503935503e-11 0)
3.905             (-1.038823472e-10 -2.798822708e-11 0)
3.91              (-1.225358337e-10 2.503400171e-11 0)
3.915             (-5.206592109e-11 9.511263698e-11 0)
3.92              (-1.155246594e-10 1.003884016e-11 0)
3.925             (-8.047422484e-11 -5.069399268e-11 0)
3.93              (-2.232921491e-10 -5.605973559e-12 0)
3.935             (-2.015243815e-10 -6.131777739e-11 0)
3.94              (-2.131193533e-10 -7.616024207e-12 0)
3.945             (-1.046247306e-10 1.440540594e-10 0)
3.95              (-1.391346944e-10 -1.007546161e-10 0)
3.955             (-1.145759805e-10 -2.114752865e-11 0)
3.96              (-1.539584163e-10 -4.529282121e-11 0)
3.965             (-1.319587228e-10 2.40981067e-11 0)
3.97              (-2.922958222e-10 -8.970783915e-12 0)
3.975             (-1.69477211e-10 -2.287407724e-11 0)
3.98              (-1.522985387e-10 3.432549474e-11 0)
3.985             (-1.443465335e-10 3.708418433e-12 0)
3.99              (-8.627553875e-11 -7.335999494e-12 0)
3.995             (-1.457937417e-10 -7.025498186e-11 0)
4                 (-1.146580026e-10 2.704391605e-11 0)
